<?xml version="1.0"?>
<opencv_storage>
<Bins>
  2.90562592e+01 2.34423351e+01 1.49157991e+01 6.82927170e+01
  6.31225777e+01 4.64552231e+01 1.48250122e+02 1.45635513e+02
  1.25399025e+02 2.05418076e+02 2.02261948e+02 1.68036133e+02
  1.00072479e+02 9.05357971e+01 5.65171967e+01 4.81451645e+01
  4.38590698e+01 2.91133766e+01 1.04131584e+02 1.08207237e+02
  1.04509216e+02 1.26499992e+02 1.18561600e+02 7.20343857e+01
  8.18545303e+01 7.91952591e+01 7.64418488e+01</Bins>
<Entries>
  <Person>
    <Id>0</Id>
    <Hist>
      6.17072321e-02 1. 3.48988682e-01 1.23071648e-01 3.92869383e-01
      7.99451470e-01 4.49091524e-01 6.18100762e-01 6.03359640e-01</Hist></Person>
  <Person>
    <Id>1</Id>
    <Hist>
      3.61722499e-01 4.62440193e-01 6.01196170e-01 2.16507182e-01 1.
      2.41387561e-01 3.79186600e-01 7.87320554e-01 3.10287088e-01</Hist></Person>
  <Person>
    <Id>2</Id>
    <Hist>
      3.06288034e-01 9.11257625e-01 4.04665321e-01 6.00405693e-01
      4.16328609e-01 1. 7.22616613e-01 9.82251525e-01 4.75152135e-01</Hist></Person>
  <Person>
    <Id>3</Id>
    <Hist>
      1. 2.08200589e-01 6.84410632e-02 1.23625524e-01 1.66478261e-01
      3.11992615e-01 5.95005639e-02 4.92241293e-01 6.66940734e-02</Hist></Person></Entries>
</opencv_storage>
