<?xml version="1.0"?>
<opencv_storage>
<Entries>
  <Person>
    <Id>0</Id>
    <Hist>
      1.13285277e-02 6.76622033e-01 8.23892877e-02 1.75077245e-02
      4.53141108e-02 4.51081365e-01 2.22451076e-01 6.69412985e-02 1.</Hist></Person>
  <Person>
    <Id>1</Id>
    <Hist>
      2.08196715e-01 1. 3.98360670e-01 1.16393439e-01 3.88524592e-01
      7.06557393e-01 3.49180341e-01 3.49180341e-01 5.00000000e-01</Hist></Person>
  <Person>
    <Id>2</Id>
    <Hist>
      1.14383563e-01 3.22602749e-01 1.06164381e-01 2.46575344e-02 1.
      5.41095883e-02 5.61643839e-02 4.14383560e-01 8.90410990e-02</Hist></Person>
  <Person>
    <Id>3</Id>
    <Hist>
      1. 5.79588413e-02 4.61990759e-03 8.39983206e-03 6.71986537e-03
      6.13187738e-02 1.80596393e-02 3.35993269e-03 3.31793353e-02</Hist></Person></Entries>
</opencv_storage>
