<?xml version="1.0"?>
<opencv_storage>
<Bins>
  4.68033600e+01 4.28023338e+01 2.70956573e+01 1.04917686e+02
  1.09309540e+02 1.05088005e+02 8.73910980e+01 8.61992569e+01
  8.34870148e+01 2.26805084e+02 2.21802261e+02 1.84384186e+02
  7.64652863e+01 7.12491760e+01 4.15485992e+01 3.43889923e+01
  2.82518482e+01 1.79168434e+01 7.17202530e+01 6.77163696e+01
  6.45722733e+01 9.96187897e+01 8.21439972e+01 5.78694763e+01
  1.30250000e+02 1.37631577e+02 1.29797516e+02 1.57038712e+02
  1.31511795e+02 9.33758240e+01 1.19578819e+02 1.31317703e+02
  6.30816498e+01 5.94014969e+01 5.43860359e+01 4.12472229e+01
  1.75804535e+02 1.75879623e+02 1.48599518e+02 2.39873924e+01
  1.90116615e+01 1.21265364e+01 1.21728859e+02 1.01861877e+02
  7.27747574e+01 9.67915497e+01 1.04958313e+02 5.10694847e+01</Bins>
<Entries>
  <Person>
    <Id>0</Id>
    <Hist>
      7.00573087e-01 4.46513861e-01 6.61891103e-01 1.91021971e-02
      4.85673338e-01 1.33715376e-01 6.30850077e-01 5.20534851e-02
      3.81088823e-01 2.38777455e-02 7.92263627e-01 1. 2.98471838e-01 0.
      2.91308500e-02 4.69436496e-01</Hist></Person>
  <Person>
    <Id>1</Id>
    <Hist>
      1.89930663e-01 3.20168823e-01 3.59360874e-01 9.43623781e-02
      2.17365086e-01 3.56949061e-01 2.85197467e-01 4.28097665e-01
      3.05999398e-01 4.33524281e-01 1.32649988e-01 3.12028944e-01
      4.33825731e-01 1.18480556e-01 1. 5.06481767e-01</Hist></Person>
  <Person>
    <Id>2</Id>
    <Hist>
      8.29987466e-01 7.49058962e-01 3.92095357e-01 4.83061492e-01
      4.10288572e-01 4.07779157e-01 5.47051430e-01 2.15181932e-01
      3.59473020e-01 1.11668758e-01 1. 7.88582206e-01 4.43538278e-01
      3.70138027e-02 1.61229610e-01 2.62860715e-01</Hist></Person>
  <Person>
    <Id>3</Id>
    <Hist>
      3.87027025e-01 7.08108097e-02 8.54054019e-02 1.48648649e-01
      1.72072068e-01 8.25765789e-01 1.33873880e-01 3.40540558e-02
      8.09009001e-02 2.12612618e-02 8.10450435e-01 2.20720723e-01
      1.05405405e-01 1. 3.60360369e-02 2.45945945e-01</Hist></Person></Entries>
</opencv_storage>
