<?xml version="1.0"?>
<opencv_storage>
<Bins>
  2.41415234e+01 1.91037331e+01 1.22957468e+01 1.03605911e+02
  1.07372742e+02 1.02934319e+02 8.59563293e+01 7.63680649e+01
  4.81328621e+01 1.50062851e+02 1.24927368e+02 8.89867325e+01
  1.70060913e+02 1.70234772e+02 1.44857147e+02 5.34063950e+01
  4.94749832e+01 3.53531837e+01 2.21742676e+02 2.16620773e+02
  1.79115128e+02 1.27642036e+02 1.35131989e+02 1.27849358e+02
  1.12592499e+02 9.29889679e+01 6.65291519e+01 9.69788895e+01
  1.05242462e+02 5.11803398e+01 4.35816689e+01 3.89519730e+01
  2.44646511e+01 8.63542023e+01 8.46381302e+01 8.18970184e+01
  6.54135971e+01 6.03288879e+01 4.22693481e+01 3.38283844e+01
  2.76350632e+01 1.73142986e+01 1.19933716e+02 1.29017105e+02
  6.41660767e+01 7.12456665e+01 6.75341568e+01 6.49529724e+01</Bins>
<Entries>
  <Person>
    <Id>0</Id>
    <Hist>
      1. 2.10526325e-02 4.21052650e-02 3.68421040e-02 0. 1.73684210e-01
      0. 1.57894734e-02 1.05263162e-02 2.10526325e-02 2.78947383e-01
      5.26315793e-02 1.31578952e-01 7.89473712e-01 5.78947365e-02
      1.15789473e-01</Hist></Person>
  <Person>
    <Id>1</Id>
    <Hist>
      0. 0. 6.48648620e-01 9.45945978e-02 0. 0. 0. 0. 1. 0.
      2.70270277e-02 0. 1.75675675e-01 9.45945978e-02 2.70270277e-02 0.</Hist></Person>
  <Person>
    <Id>2</Id>
    <Hist>
      2.89855078e-02 1. 6.95652187e-01 2.31884062e-01 2.89855063e-01
      5.07246375e-01 7.24637657e-02 2.89855063e-01 3.33333343e-01
      1.15942031e-01 1.44927531e-01 4.78260875e-01 8.55072439e-01
      3.33333343e-01 1.15942031e-01 5.07246375e-01</Hist></Person>
  <Person>
    <Id>3</Id>
    <Hist>
      0. 1.86046511e-01 5.23255803e-02 0. 0. 1.33720934e-01 0.
      2.32558139e-02 0. 4.06976752e-02 1.10465117e-01 6.80232584e-01
      2.15116277e-01 1.74418613e-02 0. 1.</Hist></Person></Entries>
</opencv_storage>
