<?xml version="1.0"?>
<opencv_storage>
<Entries>
  <Person>
    <Id>0</Id>
    <Hist>
      2.81879187e-01 9.84340072e-01 2.71812081e-01 7.94183463e-02
      3.31096202e-01 1. 2.43847877e-01 3.46756160e-01 3.52348983e-01</Hist></Person>
  <Person>
    <Id>1</Id>
    <Hist>
      3.29670347e-02 1. 7.10059181e-02 1.43702449e-02 2.59509712e-01
      6.20456457e-01 1.96956888e-01 2.62045652e-01 8.56297553e-01</Hist></Person>
  <Person>
    <Id>2</Id>
    <Hist>
      3.79566550e-01 3.55417967e-01 9.78328139e-02 2.22910214e-02 1.
      1.07120745e-01 8.11145529e-02 3.78328174e-01 1.26934990e-01</Hist></Person>
  <Person>
    <Id>3</Id>
    <Hist>
      1. 8.55884179e-02 5.66393975e-03 2.23410949e-02 4.02769037e-02
      1.06356196e-01 1.63624920e-02 6.85966015e-02 2.70610452e-02</Hist></Person></Entries>
</opencv_storage>
