<?xml version="1.0"?>
<opencv_storage>
<Entries>
  <Person>
    <Id>0</Id>
    <H_Hist type_id="opencv-matrix">
      <rows>16</rows>
      <cols>1</cols>
      <dt>f</dt>
      <data>
        6.03174629e+01 3.49206352e+01 2.53968277e+01 2.53968277e+01
        6.66666718e+01 5.71428604e+01 1.39682541e+02 1.74603195e+02 400.
        1.87301605e+02 6.66666718e+01 9.52381039e+00 1.26984138e+01
        9.52381039e+00 4.44444466e+01 0.</data></H_Hist>
    <S_Hist type_id="opencv-matrix">
      <rows>16</rows>
      <cols>1</cols>
      <dt>f</dt>
      <data>
        1.47619049e+02 2.33333344e+02 400. 1.85714294e+02 1.14285721e+02
        1.80952377e+02 1.95238098e+02 1.90476196e+02 2.42857147e+02
        6.19047623e+01 9.52380943e+00 9.52380943e+00 0. 0. 0. 0.</data></S_Hist>
    <V_Hist type_id="opencv-matrix">
      <rows>16</rows>
      <cols>1</cols>
      <dt>f</dt>
      <data>
        0. 3.78378372e+01 1.45945953e+02 2.97297302e+02 400.
        3.40540558e+02 3.56756744e+02 2.75675690e+02 1.35135132e+02
        9.18918991e+01 5.94594612e+01 4.32432442e+01 5.40540581e+01 0.
        0. 0.</data></V_Hist></Person>
  <Person>
    <Id>1</Id>
    <H_Hist type_id="opencv-matrix">
      <rows>16</rows>
      <cols>1</cols>
      <dt>f</dt>
      <data>
        0. 0. 0. 0. 0. 0. 0. 0. 3.09859161e+01 400. 0. 0. 0. 0. 0. 0.</data></H_Hist>
    <S_Hist type_id="opencv-matrix">
      <rows>16</rows>
      <cols>1</cols>
      <dt>f</dt>
      <data>
        0. 0. 0. 0. 0. 3.00000019e+01 400. 245. 90. 0. 0. 0. 0. 0. 0. 0.</data></S_Hist>
    <V_Hist type_id="opencv-matrix">
      <rows>16</rows>
      <cols>1</cols>
      <dt>f</dt>
      <data>
        0. 0. 75. 0. 9.16666718e+01 275. 400. 2.83333344e+02 150. 0. 0.
        0. 0. 0. 0. 0.</data></V_Hist></Person>
  <Person>
    <Id>2</Id>
    <H_Hist type_id="opencv-matrix">
      <rows>16</rows>
      <cols>1</cols>
      <dt>f</dt>
      <data>
        1.40350876e+01 5.84795341e+01 2.33918142e+00 0. 0. 0. 0.
        2.80701752e+01 1.59064331e+02 400. 2.80701752e+02 2.57309952e+01
        2.10526314e+01 0. 0. 0.</data></H_Hist>
    <S_Hist type_id="opencv-matrix">
      <rows>16</rows>
      <cols>1</cols>
      <dt>f</dt>
      <data>
        4.93827152e+00 400. 3.75308655e+02 8.14814835e+01 4.69135818e+01
        4.44444466e+01 6.17283936e+01 1.48148146e+01 9.87654305e+00
        4.93827152e+00 0. 0. 0. 0. 0. 0.</data></S_Hist>
    <V_Hist type_id="opencv-matrix">
      <rows>16</rows>
      <cols>1</cols>
      <dt>f</dt>
      <data>
        0. 0. 4.70588226e+01 9.41176453e+01 400. 3.24705872e+02
        1.01176476e+02 1.88235302e+01 4.70588255e+00 4.70588255e+00 0.
        0. 0. 0. 0. 0.</data></V_Hist></Person>
  <Person>
    <Id>3</Id>
    <H_Hist type_id="opencv-matrix">
      <rows>16</rows>
      <cols>1</cols>
      <dt>f</dt>
      <data>
        1.10599079e+01 2.21198158e+01 2.21198158e+01 0. 5.52995396e+00
        0. 0. 8.66359482e+01 3.83410156e+02 400. 1.84331799e+01
        7.37327194e+00 0. 0. 0. 0.</data></H_Hist>
    <S_Hist type_id="opencv-matrix">
      <rows>16</rows>
      <cols>1</cols>
      <dt>f</dt>
      <data>
        3.17460346e+00 6.03174629e+01 1.23809525e+02 9.20634995e+01
        9.20634995e+01 1.68253983e+02 400. 3.36507965e+02 1.17460320e+02
        8.57142944e+01 3.17460327e+01 1.58730164e+01 0. 3.17460346e+00
        6.34920692e+00 9.52381039e+00</data></S_Hist>
    <V_Hist type_id="opencv-matrix">
      <rows>16</rows>
      <cols>1</cols>
      <dt>f</dt>
      <data>
        1.25560551e+01 400. 2.92376678e+02 7.71300507e+01 5.56053810e+01
        3.58744431e+01 7.17488813e+00 1.61434975e+01 1.43497763e+01
        1.43497763e+01 5.38116598e+00 0. 0. 0. 0. 0.</data></V_Hist></Person></Entries>
</opencv_storage>
