<?xml version="1.0"?>
<opencv_storage>
<Entries>
  <Person>
    <Id>0</Id>
    <Hist>
      3.18181813e-02 8.18181813e-01 1.22727275e-01 1.59090906e-02
      4.31818187e-01 1. 2.93181807e-01 5.11363626e-01 4.11363631e-01</Hist></Person>
  <Person>
    <Id>1</Id>
    <Hist>
      2.16000006e-01 3.98000002e-01 4.21999991e-01 1.28000006e-01 1.
      2.63999999e-01 3.17999989e-01 6.20000005e-01 2.33999997e-01</Hist></Person>
  <Person>
    <Id>2</Id>
    <Hist>
      1. 2.68041223e-01 8.90346766e-02 7.31021538e-02 1.75257728e-01
      3.76757264e-01 7.21649453e-02 4.19868797e-01 1.03092782e-01</Hist></Person>
  <Person>
    <Id>3</Id>
    <Hist>
      2.75735289e-01 1. 2.31617644e-01 2.50000000e-01 4.48529422e-01
      9.08088207e-01 8.75000000e-01 3.71323526e-01 4.19117659e-01</Hist></Person></Entries>
</opencv_storage>
