<?xml version="1.0"?>
<opencv_storage>
<CameraMatrix type_id="opencv-matrix">
  <rows>3</rows>
  <cols>3</cols>
  <dt>f</dt>
  <data>
    4.89705811e+02 0. 3.29910217e+02 0. 4.91805786e+02 2.24758316e+02 0.
    0. 1.</data></CameraMatrix>
<DistortionCoeffs type_id="opencv-matrix">
  <rows>1</rows>
  <cols>5</cols>
  <dt>f</dt>
  <data>
    -3.58759135e-01 1.69762075e-01 3.04382411e-04 -2.64500937e-04
    -4.29321118e-02</data></DistortionCoeffs>
<RotationValues type_id="opencv-matrix">
  <rows>3</rows>
  <cols>1</cols>
  <dt>f</dt>
  <data>
    1.42232323e+00 1.41545975e+00 -1.01315224e+00</data></RotationValues>
<TranslationValues type_id="opencv-matrix">
  <rows>3</rows>
  <cols>1</cols>
  <dt>f</dt>
  <data>
    -6.72525696e+02 9.93241211e+02 3.61350415e+03</data></TranslationValues>
</opencv_storage>
