<?xml version="1.0"?>
<opencv_storage>
<Entries>
  <Person>
    <Id>0</Id>
    <Hist>
      9.68334079e-01 3.05644780e-01 9.22441483e-02 8.26067030e-02 1.
      3.94676447e-01 1.12895824e-01 5.93391478e-01 1.33088574e-01</Hist></Person>
  <Person>
    <Id>1</Id>
    <Hist>
      1.67395741e-01 7.92359293e-01 1.60396621e-01 2.24555265e-02
      5.21143198e-01 1. 1.56022161e-01 3.77952754e-01 1.85185179e-01</Hist></Person>
  <Person>
    <Id>2</Id>
    <Hist>
      1. 5.57254255e-02 3.33282389e-02 4.14309725e-02 3.43984105e-02
      1.94694996e-01 2.07154863e-02 1.62054729e-02 2.33909190e-02</Hist></Person>
  <Person>
    <Id>3</Id>
    <Hist>
      1.65195808e-01 1. 5.10204099e-02 1.32377278e-02 1.87534466e-01
      1.65471599e-01 2.09873140e-01 7.83232227e-02 8.04467738e-01</Hist></Person></Entries>
</opencv_storage>
