<?xml version="1.0"?>
<opencv_storage>
<Bins>
  4.68033600e+01 4.28023338e+01 2.70956573e+01 1.04917686e+02
  1.09309540e+02 1.05088005e+02 8.73910980e+01 8.61992569e+01
  8.34870148e+01 2.26805084e+02 2.21802261e+02 1.84384186e+02
  7.64652863e+01 7.12491760e+01 4.15485992e+01 3.43889923e+01
  2.82518482e+01 1.79168434e+01 7.17202530e+01 6.77163696e+01
  6.45722733e+01 9.96187897e+01 8.21439972e+01 5.78694763e+01
  1.30250000e+02 1.37631577e+02 1.29797516e+02 1.57038712e+02
  1.31511795e+02 9.33758240e+01 1.19578819e+02 1.31317703e+02
  6.30816498e+01 5.94014969e+01 5.43860359e+01 4.12472229e+01
  1.75804535e+02 1.75879623e+02 1.48599518e+02 2.39873924e+01
  1.90116615e+01 1.21265364e+01 1.21728859e+02 1.01861877e+02
  7.27747574e+01 9.67915497e+01 1.04958313e+02 5.10694847e+01</Bins>
<Entries>
  <Person>
    <Id>0</Id>
    <Hist>
      1. 1.81441024e-01 1.86745092e-01 1.43892448e-02 5.82974494e-01
      3.12099576e-01 2.32170984e-01 4.23169822e-01 1.54027939e-01
      1.12645730e-01 4.36508775e-01 9.46381688e-01 2.28284851e-01
      2.80432720e-02 3.77743930e-01 3.01438928e-01</Hist></Person>
  <Person>
    <Id>1</Id>
    <Hist>
      1.05326995e-01 1.52564555e-01 2.65615523e-01 3.38323079e-02
      2.58274555e-01 5.86001091e-02 1. 9.85924453e-02 5.42593598e-02
      4.90887612e-02 1.19498260e-01 3.40493441e-01 2.48316359e-02
      9.05492976e-02 2.56295688e-02 1.02039516e-01</Hist></Person>
  <Person>
    <Id>2</Id>
    <Hist>
      3.40561897e-01 1.15731426e-01 1.07310534e-01 1.41664803e-01
      3.21409941e-01 8.24279010e-01 1.54333413e-01 7.66227007e-01
      4.33713384e-02 2.37424552e-01 3.06282133e-01 1.84365451e-01
      1.10962071e-01 6.70765340e-01 1. 2.08510324e-01</Hist></Person>
  <Person>
    <Id>3</Id>
    <Hist>
      2.39481002e-01 3.42231132e-02 3.68892178e-02 1.01877585e-01
      5.86381853e-02 1. 2.64833253e-02 2.26053521e-02 3.09753101e-02
      2.24760864e-02 2.84869447e-02 7.33098537e-02 1.00100182e-01
      8.51150453e-01 2.20882893e-02 7.42793456e-02</Hist></Person></Entries>
</opencv_storage>
