<?xml version="1.0"?>
<opencv_storage>
<Bins>
  2.90562592e+01 2.34423351e+01 1.49157991e+01 6.82927170e+01
  6.31225777e+01 4.64552231e+01 1.48250122e+02 1.45635513e+02
  1.25399025e+02 2.05418076e+02 2.02261948e+02 1.68036133e+02
  1.00072479e+02 9.05357971e+01 5.65171967e+01 4.81451645e+01
  4.38590698e+01 2.91133766e+01 1.04131584e+02 1.08207237e+02
  1.04509216e+02 1.26499992e+02 1.18561600e+02 7.20343857e+01
  8.18545303e+01 7.91952591e+01 7.64418488e+01</Bins>
<Entries>
  <Person>
    <Id>0</Id>
    <Hist>
      1.63067445e-01 7.93636918e-01 2.03248054e-01 9.19813812e-02
      5.77193677e-01 1. 1.55682340e-01 5.14577746e-01 1.78292677e-01</Hist></Person>
  <Person>
    <Id>1</Id>
    <Hist>
      1.42992824e-01 1. 1.07981525e-01 4.74241003e-02 2.23037362e-01
      1.87469289e-01 1.95002124e-01 1.51606455e-01 7.96318710e-01</Hist></Person>
  <Person>
    <Id>2</Id>
    <Hist>
      9.25447643e-01 3.09709966e-01 1.01841107e-01 1.48549810e-01 1.
      3.61008823e-01 1.01185374e-01 6.69003785e-01 1.28524587e-01</Hist></Person>
  <Person>
    <Id>3</Id>
    <Hist>
      1. 5.68348281e-02 4.62357290e-02 9.07428488e-02 5.88272773e-02
      1.97752804e-01 2.27630436e-02 3.61188203e-02 2.39548739e-02</Hist></Person></Entries>
</opencv_storage>
