<?xml version="1.0"?>
<opencv_storage>
<Entries>
  <Person>
    <Id>0</Id>
    <Hist>
      2.54580528e-01 2.20829308e-01 1.45612344e-01 8.87174532e-02 1.
      1.67791709e-01 8.10028911e-02 6.43201530e-01 9.16104168e-02</Hist></Person>
  <Person>
    <Id>1</Id>
    <Hist>
      9.93086100e-02 1. 2.63984911e-02 1.13136396e-02 5.84538020e-02
      1.34506598e-01 1.58390954e-01 6.22250140e-02 7.28472650e-01</Hist></Person>
  <Person>
    <Id>2</Id>
    <Hist>
      9.58904102e-02 1. 2.85563737e-01 6.84931502e-02 6.30136967e-01
      9.62065339e-01 4.07797694e-01 2.31822968e-01 2.93993682e-01</Hist></Person>
  <Person>
    <Id>3</Id>
    <Hist>
      1. 3.14960629e-02 3.23249064e-02 7.33526722e-02 1.20182345e-02
      1.29714042e-01 1.57480314e-02 7.87401572e-03 1.74057186e-02</Hist></Person></Entries>
</opencv_storage>
