<?xml version="1.0"?>
<opencv_storage>
<Entries>
  <Person>
    <Id>0</Id>
    <Hist>
      1. 6.22555427e-02 3.65058668e-02 5.89960888e-02 4.85658422e-02
      2.18383312e-01 1.92307699e-02 1.82529334e-02 2.31421124e-02</Hist></Person>
  <Person>
    <Id>1</Id>
    <Hist>
      8.33481729e-01 3.32146049e-01 1.34461269e-01 8.19234177e-02 1.
      4.83526260e-01 7.92520046e-02 6.82101488e-01 1.25556543e-01</Hist></Person>
  <Person>
    <Id>2</Id>
    <Hist>
      8.76078084e-02 1. 1.90649107e-02 8.17067642e-03 1.52973220e-01
      2.25147530e-01 1.14389472e-01 8.53381753e-02 5.31547904e-01</Hist></Person>
  <Person>
    <Id>3</Id>
    <Hist>
      1.36966124e-01 6.56848311e-01 1.33038789e-01 3.19096707e-02
      5.83701551e-01 1. 1.90967113e-01 3.50024551e-01 1.39911637e-01</Hist></Person></Entries>
</opencv_storage>
