<?xml version="1.0"?>
<opencv_storage>
<CornersAmount>48</CornersAmount>
<Corner_0>
  232 350</Corner_0>
<Corner_1>
  242 347</Corner_1>
<Corner_2>
  252 345</Corner_2>
<Corner_3>
  262 341</Corner_3>
<Corner_4>
  271 338</Corner_4>
<Corner_5>
  280 335</Corner_5>
<Corner_6>
  289 334</Corner_6>
<Corner_7>
  297 330</Corner_7>
<Corner_8>
  240 353</Corner_8>
<Corner_9>
  252 350</Corner_9>
<Corner_10>
  260 347</Corner_10>
<Corner_11>
  269 344</Corner_11>
<Corner_12>
  279 340</Corner_12>
<Corner_13>
  288 337</Corner_13>
<Corner_14>
  297 336</Corner_14>
<Corner_15>
  306 332</Corner_15>
<Corner_16>
  249 356</Corner_16>
<Corner_17>
  259 353</Corner_17>
<Corner_18>
  269 350</Corner_18>
<Corner_19>
  279 347</Corner_19>
<Corner_20>
  289 344</Corner_20>
<Corner_21>
  297 341</Corner_21>
<Corner_22>
  305 338</Corner_22>
<Corner_23>
  316 335</Corner_23>
<Corner_24>
  259 359</Corner_24>
<Corner_25>
  270 356</Corner_25>
<Corner_26>
  279 352</Corner_26>
<Corner_27>
  289 349</Corner_27>
<Corner_28>
  297 346</Corner_28>
<Corner_29>
  307 344</Corner_29>
<Corner_30>
  315 341</Corner_30>
<Corner_31>
  324 338</Corner_31>
<Corner_32>
  267 364</Corner_32>
<Corner_33>
  278 359</Corner_33>
<Corner_34>
  289 356</Corner_34>
<Corner_35>
  299 352</Corner_35>
<Corner_36>
  308 350</Corner_36>
<Corner_37>
  316 346</Corner_37>
<Corner_38>
  325 344</Corner_38>
<Corner_39>
  334 340</Corner_39>
<Corner_40>
  278 367</Corner_40>
<Corner_41>
  288 364</Corner_41>
<Corner_42>
  298 360</Corner_42>
<Corner_43>
  308 356</Corner_43>
<Corner_44>
  318 353</Corner_44>
<Corner_45>
  326 350</Corner_45>
<Corner_46>
  336 346</Corner_46>
<Corner_47>
  344 344</Corner_47>
</opencv_storage>
