<?xml version="1.0"?>
<opencv_storage>
<CornersAmount>48</CornersAmount>
<Corner_0>
  232 349</Corner_0>
<Corner_1>
  241 346</Corner_1>
<Corner_2>
  251 343</Corner_2>
<Corner_3>
  261 341</Corner_3>
<Corner_4>
  271 338</Corner_4>
<Corner_5>
  280 336</Corner_5>
<Corner_6>
  288 333</Corner_6>
<Corner_7>
  297 330</Corner_7>
<Corner_8>
  239 352</Corner_8>
<Corner_9>
  250 349</Corner_9>
<Corner_10>
  261 347</Corner_10>
<Corner_11>
  269 344</Corner_11>
<Corner_12>
  279 341</Corner_12>
<Corner_13>
  288 338</Corner_13>
<Corner_14>
  297 336</Corner_14>
<Corner_15>
  305 333</Corner_15>
<Corner_16>
  248 356</Corner_16>
<Corner_17>
  259 353</Corner_17>
<Corner_18>
  269 350</Corner_18>
<Corner_19>
  279 347</Corner_19>
<Corner_20>
  289 344</Corner_20>
<Corner_21>
  298 341</Corner_21>
<Corner_22>
  306 338</Corner_22>
<Corner_23>
  315 336</Corner_23>
<Corner_24>
  258 359</Corner_24>
<Corner_25>
  268 357</Corner_25>
<Corner_26>
  278 353</Corner_26>
<Corner_27>
  288 349</Corner_27>
<Corner_28>
  297 347</Corner_28>
<Corner_29>
  306 344</Corner_29>
<Corner_30>
  315 341</Corner_30>
<Corner_31>
  323 338</Corner_31>
<Corner_32>
  267 363</Corner_32>
<Corner_33>
  277 360</Corner_33>
<Corner_34>
  287 357</Corner_34>
<Corner_35>
  297 353</Corner_35>
<Corner_36>
  307 349</Corner_36>
<Corner_37>
  316 347</Corner_37>
<Corner_38>
  325 344</Corner_38>
<Corner_39>
  333 340</Corner_39>
<Corner_40>
  277 367</Corner_40>
<Corner_41>
  288 364</Corner_41>
<Corner_42>
  298 360</Corner_42>
<Corner_43>
  307 357</Corner_43>
<Corner_44>
  317 353</Corner_44>
<Corner_45>
  325 350</Corner_45>
<Corner_46>
  335 346</Corner_46>
<Corner_47>
  343 343</Corner_47>
</opencv_storage>
