<?xml version="1.0"?>
<opencv_storage>
<CornersAmount>48</CornersAmount>
<Corner_0>
  297 415</Corner_0>
<Corner_1>
  313 416</Corner_1>
<Corner_2>
  327 416</Corner_2>
<Corner_3>
  342 416</Corner_3>
<Corner_4>
  357 417</Corner_4>
<Corner_5>
  372 416</Corner_5>
<Corner_6>
  386 416</Corner_6>
<Corner_7>
  400 416</Corner_7>
<Corner_8>
  296 421</Corner_8>
<Corner_9>
  311 422</Corner_9>
<Corner_10>
  326 421</Corner_10>
<Corner_11>
  341 421</Corner_11>
<Corner_12>
  357 422</Corner_12>
<Corner_13>
  371 421</Corner_13>
<Corner_14>
  387 422</Corner_14>
<Corner_15>
  401 421</Corner_15>
<Corner_16>
  294 427</Corner_16>
<Corner_17>
  310 427</Corner_17>
<Corner_18>
  325 428</Corner_18>
<Corner_19>
  341 427</Corner_19>
<Corner_20>
  356 428</Corner_20>
<Corner_21>
  372 427</Corner_21>
<Corner_22>
  387 428</Corner_22>
<Corner_23>
  404 427</Corner_23>
<Corner_24>
  293 432</Corner_24>
<Corner_25>
  308 432</Corner_25>
<Corner_26>
  325 433</Corner_26>
<Corner_27>
  341 433</Corner_27>
<Corner_28>
  358 433</Corner_28>
<Corner_29>
  373 433</Corner_29>
<Corner_30>
  389 433</Corner_30>
<Corner_31>
  404 432</Corner_31>
<Corner_32>
  291 439</Corner_32>
<Corner_33>
  308 439</Corner_33>
<Corner_34>
  324 440</Corner_34>
<Corner_35>
  341 440</Corner_35>
<Corner_36>
  357 440</Corner_36>
<Corner_37>
  374 439</Corner_37>
<Corner_38>
  390 440</Corner_38>
<Corner_39>
  407 438</Corner_39>
<Corner_40>
  289 446</Corner_40>
<Corner_41>
  306 446</Corner_41>
<Corner_42>
  323 446</Corner_42>
<Corner_43>
  340 446</Corner_43>
<Corner_44>
  358 447</Corner_44>
<Corner_45>
  374 446</Corner_45>
<Corner_46>
  391 446</Corner_46>
<Corner_47>
  408 445</Corner_47>
</opencv_storage>
