<?xml version="1.0"?>
<opencv_storage>
<CameraMatrix type_id="opencv-matrix">
  <rows>3</rows>
  <cols>3</cols>
  <dt>d</dt>
  <data>
    4.8970580240540721e+02 0. 3.2991022661269614e+02 0.
    4.9180579849470985e+02 2.2475831768292915e+02 0. 0. 1.</data></CameraMatrix>
<DistortionCoeffs type_id="opencv-matrix">
  <rows>1</rows>
  <cols>5</cols>
  <dt>d</dt>
  <data>
    -3.5875912990144260e-01 1.6976207519195552e-01
    3.0438241539408324e-04 -2.6450092855473807e-04
    -4.2932110143512801e-02</data></DistortionCoeffs>
</opencv_storage>
