<?xml version="1.0"?>
<opencv_storage>
<Intrinsic_Matrix type_id="opencv-matrix">
  <rows>3</rows>
  <cols>3</cols>
  <dt>d</dt>
  <data>
    2.9830462496370351e+03 0. 2.8549872396395398e+02 0.
    2.9869080548687971e+03 4.1203498279187932e+02 0. 0. 1.</data></Intrinsic_Matrix>
<Distance_Coefficients type_id="opencv-matrix">
  <rows>1</rows>
  <cols>5</cols>
  <dt>d</dt>
  <data>
    1.3056965953703943e+00 5.3312614678886959e+01 1.5839221901876029e-02
    -1.8212265853679280e-01 -1.1526876304077591e+03</data></Distance_Coefficients>
</opencv_storage>
