<?xml version="1.0"?>
<opencv_storage>
<CornersAmount>48</CornersAmount>
<Corner_0>
  358 302</Corner_0>
<Corner_1>
  368 305</Corner_1>
<Corner_2>
  376 307</Corner_2>
<Corner_3>
  387 310</Corner_3>
<Corner_4>
  397 313</Corner_4>
<Corner_5>
  406 315</Corner_5>
<Corner_6>
  418 318</Corner_6>
<Corner_7>
  429 321</Corner_7>
<Corner_8>
  350 305</Corner_8>
<Corner_9>
  368 310</Corner_9>
<Corner_10>
  378 313</Corner_10>
<Corner_11>
  389 315</Corner_11>
<Corner_12>
  400 318</Corner_12>
<Corner_13>
  410 321</Corner_13>
<Corner_14>
  422 324</Corner_14>
<Corner_15>
  342 307</Corner_15>
<Corner_16>
  350 311</Corner_16>
<Corner_17>
  361 313</Corner_17>
<Corner_18>
  370 316</Corner_18>
<Corner_19>
  381 318</Corner_19>
<Corner_20>
  391 322</Corner_20>
<Corner_21>
  402 325</Corner_21>
<Corner_22>
  414 328</Corner_22>
<Corner_23>
  332 311</Corner_23>
<Corner_24>
  343 314</Corner_24>
<Corner_25>
  352 316</Corner_25>
<Corner_26>
  362 319</Corner_26>
<Corner_27>
  372 323</Corner_27>
<Corner_28>
  384 325</Corner_28>
<Corner_29>
  395 329</Corner_29>
<Corner_30>
  405 333</Corner_30>
<Corner_31>
  323 314</Corner_31>
<Corner_32>
  332 316</Corner_32>
<Corner_33>
  343 320</Corner_33>
<Corner_34>
  352 323</Corner_34>
<Corner_35>
  363 325</Corner_35>
<Corner_36>
  374 329</Corner_36>
<Corner_37>
  385 332</Corner_37>
<Corner_38>
  397 336</Corner_38>
<Corner_39>
  314 317</Corner_39>
<Corner_40>
  324 320</Corner_40>
<Corner_41>
  334 323</Corner_41>
<Corner_42>
  343 326</Corner_42>
<Corner_43>
  354 330</Corner_43>
<Corner_44>
  365 333</Corner_44>
<Corner_45>
  376 337</Corner_45>
<Corner_46>
  387 340</Corner_46>
<Corner_47>
  330 348</Corner_47>
</opencv_storage>
