<?xml version="1.0"?>
<opencv_storage>
<CornersAmount>48</CornersAmount>
<Corner_0>
  192 456</Corner_0>
<Corner_1>
  192 447</Corner_1>
<Corner_2>
  192 439</Corner_2>
<Corner_3>
  192 430</Corner_3>
<Corner_4>
  192 422</Corner_4>
<Corner_5>
  193 416</Corner_5>
<Corner_6>
  193 410</Corner_6>
<Corner_7>
  193 403</Corner_7>
<Corner_8>
  212 456</Corner_8>
<Corner_9>
  211 447</Corner_9>
<Corner_10>
  211 438</Corner_10>
<Corner_11>
  211 430</Corner_11>
<Corner_12>
  210 422</Corner_12>
<Corner_13>
  210 415</Corner_13>
<Corner_14>
  210 409</Corner_14>
<Corner_15>
  210 403</Corner_15>
<Corner_16>
  233 455</Corner_16>
<Corner_17>
  231 445</Corner_17>
<Corner_18>
  230 436</Corner_18>
<Corner_19>
  229 429</Corner_19>
<Corner_20>
  228 421</Corner_20>
<Corner_21>
  227 414</Corner_21>
<Corner_22>
  226 408</Corner_22>
<Corner_23>
  225 402</Corner_23>
<Corner_24>
  253 454</Corner_24>
<Corner_25>
  251 444</Corner_25>
<Corner_26>
  249 435</Corner_26>
<Corner_27>
  247 428</Corner_27>
<Corner_28>
  246 420</Corner_28>
<Corner_29>
  244 413</Corner_29>
<Corner_30>
  242 407</Corner_30>
<Corner_31>
  241 401</Corner_31>
<Corner_32>
  273 452</Corner_32>
<Corner_33>
  270 443</Corner_33>
<Corner_34>
  268 433</Corner_34>
<Corner_35>
  265 427</Corner_35>
<Corner_36>
  263 419</Corner_36>
<Corner_37>
  260 412</Corner_37>
<Corner_38>
  259 406</Corner_38>
<Corner_39>
  257 400</Corner_39>
<Corner_40>
  292 450</Corner_40>
<Corner_41>
  289 441</Corner_41>
<Corner_42>
  286 432</Corner_42>
<Corner_43>
  283 424</Corner_43>
<Corner_44>
  280 417</Corner_44>
<Corner_45>
  278 410</Corner_45>
<Corner_46>
  276 404</Corner_46>
<Corner_47>
  273 399</Corner_47>
</opencv_storage>
