<?xml version="1.0"?>
<opencv_storage>
<CameraMatrix type_id="opencv-matrix">
  <rows>3</rows>
  <cols>3</cols>
  <dt>f</dt>
  <data>
    4.89057404e+02 0. 3.15176056e+02 0. 4.87489929e+02 2.37125427e+02 0.
    0. 1.</data></CameraMatrix>
<DistortionCoeffs type_id="opencv-matrix">
  <rows>1</rows>
  <cols>5</cols>
  <dt>f</dt>
  <data>
    -3.72184545e-01 2.22028717e-01 6.92995964e-04 1.49627659e-03
    -1.03290357e-01</data></DistortionCoeffs>
<RotationValues type_id="opencv-matrix">
  <rows>3</rows>
  <cols>1</cols>
  <dt>f</dt>
  <data>
    1.62471318e+00 -1.94706425e-01 1.53084129e-01</data></RotationValues>
<TranslationValues type_id="opencv-matrix">
  <rows>3</rows>
  <cols>1</cols>
  <dt>f</dt>
  <data>
    -6.88149414e+02 1.22505798e+03 2.44445972e+03</data></TranslationValues>
</opencv_storage>
