<?xml version="1.0"?>
<opencv_storage>
<Intrinsic_Matrix type_id="opencv-matrix">
  <rows>3</rows>
  <cols>3</cols>
  <dt>d</dt>
  <data>
    8.1804975014254194e+02 0. 5.0300137996516020e+02 0.
    8.1896776342846908e+02 3.6877509033965032e+02 0. 0. 1.</data></Intrinsic_Matrix>
<Distance_Coefficients type_id="opencv-matrix">
  <rows>1</rows>
  <cols>5</cols>
  <dt>d</dt>
  <data>
    3.2078055689200385e-01 -2.0016906687791987e+00
    -4.7160670958292845e-04 4.9758608013232063e-06
    3.7439475031767810e+00</data></Distance_Coefficients>
</opencv_storage>
