<?xml version="1.0"?>
<opencv_storage>
<Entries>
  <Person>
    <Id>0</Id>
    <Hist>
      1. 6.40070140e-02 1.13985091e-02 9.64489300e-03 9.20648873e-03
      2.21394122e-01 7.89127592e-03 4.38404223e-03 4.69092503e-02</Hist></Person>
  <Person>
    <Id>1</Id>
    <Hist>
      5.50996475e-02 1. 9.02696401e-02 9.37866326e-03 4.80656512e-02
      2.82532245e-01 3.27080905e-01 3.28253210e-02 7.39742100e-01</Hist></Person>
  <Person>
    <Id>2</Id>
    <Hist>
      1.82984471e-01 2.43754223e-01 1.48548275e-01 6.07697517e-02
      8.39972973e-01 2.20121533e-01 2.83592176e-02 1. 2.16070227e-02</Hist></Person>
  <Person>
    <Id>3</Id>
    <Hist>
      1.06635071e-01 5.27646124e-01 1.30331755e-01 2.36966833e-03
      1.99052140e-01 1. 3.06477100e-01 2.39336491e-01 1.58767775e-01</Hist></Person></Entries>
</opencv_storage>
