<?xml version="1.0"?>
<opencv_storage>
<Bins>
  2.90562592e+01 2.34423351e+01 1.49157991e+01 6.82927170e+01
  6.31225777e+01 4.64552231e+01 1.48250122e+02 1.45635513e+02
  1.25399025e+02 2.05418076e+02 2.02261948e+02 1.68036133e+02
  1.00072479e+02 9.05357971e+01 5.65171967e+01 4.81451645e+01
  4.38590698e+01 2.91133766e+01 1.04131584e+02 1.08207237e+02
  1.04509216e+02 1.26499992e+02 1.18561600e+02 7.20343857e+01
  8.18545303e+01 7.91952591e+01 7.64418488e+01</Bins>
<Entries>
  <Person>
    <Id>0</Id>
    <Hist>
      9.37303543e-01 4.45483118e-01 2.41840601e-01 1.56741068e-01 1.
      4.79410112e-01 8.03449079e-02 9.93553042e-01 1.07663795e-01</Hist></Person>
  <Person>
    <Id>1</Id>
    <Hist>
      1. 8.40375945e-02 2.46430133e-02 3.63179371e-02 4.85574827e-02
      1.99493662e-01 1.03271166e-02 5.15445136e-02 5.31655252e-02</Hist></Person>
  <Person>
    <Id>2</Id>
    <Hist>
      3.34494933e-02 1. 1.40301421e-01 6.84971064e-02 3.48678231e-01
      4.26386714e-01 1.64051235e-01 5.34703583e-02 5.21918654e-01</Hist></Person>
  <Person>
    <Id>3</Id>
    <Hist>
      3.66501272e-01 5.65294623e-01 1.11111112e-01 3.24941799e-02
      2.88650006e-01 1. 1.71076804e-01 2.93243915e-01 1.07129730e-01</Hist></Person></Entries>
</opencv_storage>
