<?xml version="1.0"?>
<opencv_storage>
<Bins>
  4.68033600e+01 4.28023338e+01 2.70956573e+01 1.04917686e+02
  1.09309540e+02 1.05088005e+02 8.73910980e+01 8.61992569e+01
  8.34870148e+01 2.26805084e+02 2.21802261e+02 1.84384186e+02
  7.64652863e+01 7.12491760e+01 4.15485992e+01 3.43889923e+01
  2.82518482e+01 1.79168434e+01 7.17202530e+01 6.77163696e+01
  6.45722733e+01 9.96187897e+01 8.21439972e+01 5.78694763e+01
  1.30250000e+02 1.37631577e+02 1.29797516e+02 1.57038712e+02
  1.31511795e+02 9.33758240e+01 1.19578819e+02 1.31317703e+02
  6.30816498e+01 5.94014969e+01 5.43860359e+01 4.12472229e+01
  1.75804535e+02 1.75879623e+02 1.48599518e+02 2.39873924e+01
  1.90116615e+01 1.21265364e+01 1.21728859e+02 1.01861877e+02
  7.27747574e+01 9.67915497e+01 1.04958313e+02 5.10694847e+01</Bins>
<Entries>
  <Person>
    <Id>0</Id>
    <Hist>
      1.78567767e-01 1.14998464e-02 5.16340546e-02 2.17959229e-02
      3.84950303e-02 1. 6.05982989e-02 1.10388277e-02 8.50322749e-03
      1.29085137e-02 5.20694591e-02 8.83874595e-02 4.66140769e-02
      4.70648497e-01 1.24987196e-02 5.54246493e-02</Hist></Person>
  <Person>
    <Id>1</Id>
    <Hist>
      3.84445369e-01 7.30372518e-02 1.18185647e-01 1.05767205e-01
      4.80635643e-01 9.20227349e-01 7.92464763e-02 7.61313379e-01
      3.11513357e-02 5.74931622e-01 1.75752476e-01 2.48579249e-01
      1.72595248e-01 4.40644085e-01 1. 2.34897912e-01</Hist></Person>
  <Person>
    <Id>2</Id>
    <Hist>
      2.99534708e-01 1.52513891e-01 3.93628031e-01 2.11645346e-02
      4.10624266e-01 5.83882630e-02 7.84250975e-01 1.37650251e-01
      9.23484564e-02 8.99250358e-02 1.01783639e-02 1. 1.33158848e-01 0.
      8.60475600e-02 3.43770206e-01</Hist></Person>
  <Person>
    <Id>3</Id>
    <Hist>
      1. 2.08749622e-01 1.51629835e-01 7.66979530e-03 5.52931666e-01
      6.42698586e-01 1.00716524e-01 1.40125141e-01 1.99818343e-01
      2.87112724e-02 2.42103145e-01 9.34655368e-01 7.00877979e-02
      7.51337186e-02 2.45382980e-01 2.36098498e-01</Hist></Person></Entries>
</opencv_storage>
