<?xml version="1.0"?>
<opencv_storage>
<Entries>
  <Person>
    <!-- 3 -->
    <Id>0</Id>
    <Hist>
      1. 8.60968381e-02 2.41320264e-02 1.96170006e-02 4.39047180e-02
      2.26373971e-01 1.27666201e-02 3.47189792e-02 5.09107895e-02
    </Hist>
  </Person>
  <Person>
    <!-- 2 -->
    <Id>1</Id>
    <Hist>
      9.73924398e-01 3.82007837e-01 2.28161663e-01 3.97653207e-02 1.
      5.28031290e-01 4.10691015e-02 8.28552783e-01 1.01694912e-01
    </Hist>
  </Person>
  <Person>
    <!-- 1 -->
    <Id>2</Id>
    <Hist>
      3.50080609e-01 5.43793678e-01 9.45728123e-02 5.10478253e-03
      2.58463204e-01 1. 1.50188074e-01 2.12788820e-01 1.05319723e-01
    </Hist>
  </Person>
  <Person>
    <!-- 0 -->
    <Id>3</Id>
    <Hist>
      3.95447537e-02 1. 8.66126567e-02 2.00617276e-02 2.49228388e-01
      4.37692910e-01 1.63194448e-01 3.60725299e-02 5.28356493e-01</Hist></Person>
  </Entries>
</opencv_storage>
