<?xml version="1.0"?>
<opencv_storage>
<Entries>
  <Person>
    <Id>0</Id>
    <Hist>
      1.67114452e-01 5.27135968e-01 8.86620060e-02 1.61203649e-03
      1.93981737e-01 1. 2.09027410e-01 2.05803335e-01 1.08006448e-01</Hist></Person>
  <Person>
    <Id>1</Id>
    <Hist>
      3.46981250e-02 1. 5.34351133e-02 5.55170001e-03 2.85912573e-01
      4.30256754e-01 1.96391389e-01 2.49826517e-02 4.51075643e-01</Hist></Person>
  <Person>
    <Id>2</Id>
    <Hist>
      5.96293867e-01 2.88550615e-01 1.45598948e-01 5.95632046e-02
      9.08669770e-01 3.50099266e-01 2.97816023e-02 1. 2.64725350e-02</Hist></Person>
  <Person>
    <Id>3</Id>
    <Hist>
      1. 7.97101483e-02 1.19565213e-02 7.97101483e-03 3.76811586e-02
      3.64492744e-01 7.60869542e-03 3.18840593e-02 3.87681164e-02</Hist></Person></Entries>
</opencv_storage>
