<?xml version="1.0"?>
<opencv_storage>
<CornersAmount>48</CornersAmount>
<Corner_0>
  315 306</Corner_0>
<Corner_1>
  324 311</Corner_1>
<Corner_2>
  334 315</Corner_2>
<Corner_3>
  343 320</Corner_3>
<Corner_4>
  353 326</Corner_4>
<Corner_5>
  362 330</Corner_5>
<Corner_6>
  373 336</Corner_6>
<Corner_7>
  384 342</Corner_7>
<Corner_8>
  305 310</Corner_8>
<Corner_9>
  314 315</Corner_9>
<Corner_10>
  324 320</Corner_10>
<Corner_11>
  333 325</Corner_11>
<Corner_12>
  342 330</Corner_12>
<Corner_13>
  352 336</Corner_13>
<Corner_14>
  363 341</Corner_14>
<Corner_15>
  374 346</Corner_15>
<Corner_16>
  294 314</Corner_16>
<Corner_17>
  303 319</Corner_17>
<Corner_18>
  312 324</Corner_18>
<Corner_19>
  321 329</Corner_19>
<Corner_20>
  331 335</Corner_20>
<Corner_21>
  341 341</Corner_21>
<Corner_22>
  352 346</Corner_22>
<Corner_23>
  363 353</Corner_23>
<Corner_24>
  284 318</Corner_24>
<Corner_25>
  292 323</Corner_25>
<Corner_26>
  301 329</Corner_26>
<Corner_27>
  311 335</Corner_27>
<Corner_28>
  320 340</Corner_28>
<Corner_29>
  330 346</Corner_29>
<Corner_30>
  340 352</Corner_30>
<Corner_31>
  351 358</Corner_31>
<Corner_32>
  272 323</Corner_32>
<Corner_33>
  281 329</Corner_33>
<Corner_34>
  289 334</Corner_34>
<Corner_35>
  299 340</Corner_35>
<Corner_36>
  308 346</Corner_36>
<Corner_37>
  318 352</Corner_37>
<Corner_38>
  328 358</Corner_38>
<Corner_39>
  339 365</Corner_39>
<Corner_40>
  261 328</Corner_40>
<Corner_41>
  269 333</Corner_41>
<Corner_42>
  277 339</Corner_42>
<Corner_43>
  286 345</Corner_43>
<Corner_44>
  296 351</Corner_44>
<Corner_45>
  306 357</Corner_45>
<Corner_46>
  317 364</Corner_46>
<Corner_47>
  326 371</Corner_47>
</opencv_storage>
