<?xml version="1.0"?>
<opencv_storage>
<Bins>
  2.90562592e+01 2.34423351e+01 1.49157991e+01 6.82927170e+01
  6.31225777e+01 4.64552231e+01 1.48250122e+02 1.45635513e+02
  1.25399025e+02 2.05418076e+02 2.02261948e+02 1.68036133e+02
  1.00072479e+02 9.05357971e+01 5.65171967e+01 4.81451645e+01
  4.38590698e+01 2.91133766e+01 1.04131584e+02 1.08207237e+02
  1.04509216e+02 1.26499992e+02 1.18561600e+02 7.20343857e+01
  8.18545303e+01 7.91952591e+01 7.64418488e+01</Bins>
<Entries>
  <Person>
    <Id>0</Id>
    <Hist>
      7.00104713e-01 1. 1.78429320e-01 1.22513086e-01 7.78429329e-01
      4.72879589e-01 1.31518319e-01 2.91308910e-01 2.35811517e-01</Hist></Person>
  <Person>
    <Id>1</Id>
    <Hist>
      1. 1.00956753e-01 7.96019882e-02 4.84500565e-02 3.62801366e-02
      2.32682735e-01 4.20972072e-02 8.15920383e-02 6.60543442e-02</Hist></Person>
  <Person>
    <Id>2</Id>
    <Hist>
      4.47363257e-01 5.69300115e-01 1.09782398e-01 1.38012156e-01
      2.97000587e-01 1. 2.70927280e-01 3.76396775e-01 4.08155262e-01</Hist></Person>
  <Person>
    <Id>3</Id>
    <Hist>
      4.40508276e-01 7.52599180e-01 1.24374278e-01 1.04158647e-01
      1.63650364e-01 1. 9.70350429e-02 2.86869466e-01 2.79745847e-01</Hist></Person></Entries>
</opencv_storage>
