<?xml version="1.0"?>
<opencv_storage>
<Bins>
  9.27967148e+01 8.10173721e+01 4.96223030e+01 4.67298927e+01
  4.12708588e+01 2.91442204e+01 1.32288101e+02 1.36323822e+02
  1.22355957e+02 2.69100094e+01 2.05482521e+01 1.19401331e+01
  1.12185738e+02 9.81889648e+01 6.13750000e+01 2.17471237e+02
  2.12843842e+02 1.73832886e+02 7.64351959e+01 6.65143585e+01
  4.04298592e+01 1.75818176e+02 1.70412704e+02 1.35494949e+02
  8.66130753e+01 8.44994125e+01 7.84188385e+01 7.12066269e+01
  6.91691208e+01 6.35173492e+01 5.81764565e+01 5.47634621e+01
  4.76666679e+01 1.18127007e+02 1.28816513e+02 5.73555031e+01
  3.62673454e+01 3.07975864e+01 1.81727257e+01 1.06440575e+02
  1.08721870e+02 9.73296356e+01 1.50037384e+02 1.26303040e+02
  8.45525284e+01 6.00644302e+01 5.35616531e+01 2.98373699e+01</Bins>
<Entries>
  <Person>
    <Id>0</Id>
    <Hist>
      4.92063493e-01 1. 1.11111112e-01 2.53968269e-01 1.11111112e-01
      1.90476194e-01 5.55555582e-01 3.01587313e-01 6.50793672e-01
      8.25396836e-01 7.61904776e-01 0. 3.65079373e-01 7.77777791e-01
      1.74603179e-01 7.14285731e-01</Hist></Person>
  <Person>
    <Id>1</Id>
    <Hist>
      2.81690136e-02 6.40845060e-01 1.12676054e-01 1.33802816e-01 0. 0.
      4.92957756e-02 2.81690136e-02 6.54929578e-01 8.66197169e-01 1. 0.
      2.81690150e-01 9.15492922e-02 7.04225339e-03 2.25352108e-01</Hist></Person>
  <Person>
    <Id>2</Id>
    <Hist>
      2.80898879e-03 8.98876414e-02 3.37078646e-02 1. 1.12359552e-02 0.
      1.40449442e-02 3.93258445e-02 6.46067411e-02 2.52808984e-02
      5.05617969e-02 1.40449442e-02 5.08426964e-01 4.49438207e-02 0.
      2.24719103e-02</Hist></Person>
  <Person>
    <Id>3</Id>
    <Hist>
      3.75000000e-01 7.91666687e-01 0. 6.25000000e-01 1. 0.
      6.25000000e-01 0. 1.66666672e-01 2.08333328e-01 0. 1.66666672e-01
      7.08333313e-01 0. 1.25000000e-01 8.33333358e-02</Hist></Person></Entries>
</opencv_storage>
