<?xml version="1.0"?>
<opencv_storage>
<Entries>
  <Person>
    <Id>0</Id>
    <H_Hist type_id="opencv-matrix">
      <rows>16</rows>
      <cols>1</cols>
      <dt>f</dt>
      <data>
        0. 0. 0. 0. 0. 0. 0. 1.11111112e-01 4.30555552e-01 1.
        8.33333358e-02 0. 0. 0. 0. 0.</data></H_Hist>
    <S_Hist type_id="opencv-matrix">
      <rows>16</rows>
      <cols>1</cols>
      <dt>f</dt>
      <data>
        0. 0. 2.57142872e-01 2.57142872e-01 0. 3.71428579e-01
        4.85714287e-01 1. 6.28571451e-01 1.42857149e-01 5.71428575e-02
        2.85714287e-02 8.57142881e-02 0. 2.85714287e-02 0.</data></S_Hist>
    <V_Hist type_id="opencv-matrix">
      <rows>16</rows>
      <cols>1</cols>
      <dt>f</dt>
      <data>
        0. 5.76923072e-01 1. 4.61538494e-01 5.00000000e-01
        5.38461566e-01 7.69230783e-01 5.38461566e-01 7.69230798e-02
        3.84615399e-02 0. 0. 0. 0. 0. 0.</data></V_Hist></Person>
  <Person>
    <Id>1</Id>
    <H_Hist type_id="opencv-matrix">
      <rows>16</rows>
      <cols>1</cols>
      <dt>f</dt>
      <data>
        4.25531901e-02 1.41843967e-02 2.83687934e-02 1.06382973e-01
        4.96453866e-02 9.92907733e-02 3.97163093e-01 3.04964542e-01
        9.99999940e-01 8.36879432e-01 3.19148928e-01 4.25531901e-02 0.
        0. 1.41843967e-02 0.</data></H_Hist>
    <S_Hist type_id="opencv-matrix">
      <rows>16</rows>
      <cols>1</cols>
      <dt>f</dt>
      <data>
        5.92105269e-01 4.21052635e-01 5.00000000e-01 1. 7.36842096e-01
        6.44736826e-01 5.00000000e-01 6.84210539e-01 4.47368413e-01
        2.23684207e-01 1.44736841e-01 6.57894760e-02 6.57894760e-02
        1.31578948e-02 0. 0.</data></S_Hist>
    <V_Hist type_id="opencv-matrix">
      <rows>16</rows>
      <cols>1</cols>
      <dt>f</dt>
      <data>
        0. 1.36363626e-01 4.36363637e-01 9.99999940e-01 7.99999952e-01
        6.18181825e-01 5.09090900e-01 2.09090903e-01 9.99999940e-02
        6.36363626e-02 7.27272704e-02 8.18181783e-02 7.27272704e-02
        1.81818176e-02 5.45454547e-02 0.</data></V_Hist></Person>
  <Person>
    <Id>2</Id>
    <H_Hist type_id="opencv-matrix">
      <rows>16</rows>
      <cols>1</cols>
      <dt>f</dt>
      <data>
        0. 0. 1.97183099e-02 1.40845068e-02 4.22535203e-02 0. 0.
        3.38028148e-02 3.26760560e-01 9.99999940e-01 1.97183087e-01
        5.63380262e-03 0. 0. 0. 0.</data></H_Hist>
    <S_Hist type_id="opencv-matrix">
      <rows>16</rows>
      <cols>1</cols>
      <dt>f</dt>
      <data>
        0. 1.06617644e-01 1. 4.41176474e-01 2.38970593e-01
        9.92647037e-02 1.21323533e-01 5.51470593e-02 2.94117648e-02
        3.67647060e-03 2.20588241e-02 3.67647060e-03 3.67647060e-03
        3.67647060e-03 0. 1.10294120e-02</data></S_Hist>
    <V_Hist type_id="opencv-matrix">
      <rows>16</rows>
      <cols>1</cols>
      <dt>f</dt>
      <data>
        0. 1.69590652e-01 5.32163739e-01 1. 7.48538017e-01
        7.13450313e-01 6.43274859e-02 5.84795326e-02 7.01754391e-02
        2.92397663e-02 1.75438598e-02 0. 0. 0. 0. 0.</data></V_Hist></Person>
  <Person>
    <Id>3</Id>
    <H_Hist type_id="opencv-matrix">
      <rows>16</rows>
      <cols>1</cols>
      <dt>f</dt>
      <data>
        0. 0. 2.33100238e-03 9.32400953e-03 9.32400953e-03 0.
        9.32400953e-03 1.25874132e-01 3.31002325e-01 1. 2.56410260e-02
        1.63170174e-02 0. 0. 6.99300691e-03 0.</data></H_Hist>
    <S_Hist type_id="opencv-matrix">
      <rows>16</rows>
      <cols>1</cols>
      <dt>f</dt>
      <data>
        2.23214291e-02 6.69642910e-02 1.51785716e-01 1.33928582e-01
        7.58928582e-02 1.16071433e-01 5.71428597e-01 1. 4.64285731e-01
        2.14285731e-01 3.57142873e-02 4.46428591e-03 0. 4.46428591e-03
        4.46428591e-03 4.46428591e-03</data></S_Hist>
    <V_Hist type_id="opencv-matrix">
      <rows>16</rows>
      <cols>1</cols>
      <dt>f</dt>
      <data>
        0. 1. 5.47826111e-01 8.98550749e-02 4.92753647e-02
        6.66666701e-02 3.18840593e-02 4.63768132e-02 2.02898551e-02
        2.02898551e-02 1.73913054e-02 2.02898551e-02 0. 0. 0. 0.</data></V_Hist></Person></Entries>
</opencv_storage>
