<?xml version="1.0"?>
<opencv_storage>
<Entries>
  <Person>
    <Id>0</Id>
    <Hist>
      1. 8.84125903e-02 3.14802416e-02 1.74146015e-02 1.13864699e-02
      3.00736785e-01 2.94708647e-02 1.87541861e-02 7.63563290e-02</Hist></Person>
  <Person>
    <Id>1</Id>
    <Hist>
      6.47819042e-01 1. 1.66397423e-01 4.20032293e-02 7.22132444e-01
      3.87722135e-01 7.10823908e-02 2.84329563e-01 2.73021013e-01</Hist></Person>
  <Person>
    <Id>2</Id>
    <Hist>
      4.53382075e-01 6.50822639e-01 6.94698319e-02 6.39853776e-02
      2.52285182e-01 1. 2.44972572e-01 1.80987209e-01 3.29067647e-01</Hist></Person>
  <Person>
    <Id>3</Id>
    <Hist>
      5.35779834e-01 8.09174299e-01 1.55963302e-01 5.68807349e-02
      7.70642236e-02 1. 1.06422022e-01 1.33944958e-01 3.81651372e-01</Hist></Person></Entries>
</opencv_storage>
