<?xml version="1.0"?>
<opencv_storage>
<Entries>
  <Person>
    <Id>0</Id>
    <Hist>
      5.06937027e-01 1. 3.20170745e-02 0. 7.25720376e-02 8.90074730e-01
      1.17395945e-01 8.75133425e-02 7.97225177e-01</Hist></Person>
  <Person>
    <Id>1</Id>
    <Hist>
      2.47422680e-01 9.08934712e-01 2.11340204e-01 2.28522331e-01
      4.05498296e-01 1. 4.79381442e-01 1.28865972e-01 5.15463889e-01</Hist></Person>
  <Person>
    <Id>2</Id>
    <Hist>
      1.77007303e-01 1. 2.28102189e-02 4.74452563e-02 8.60401452e-01
      2.70072997e-01 3.37591246e-02 2.22627744e-01 9.30656940e-02</Hist></Person>
  <Person>
    <Id>3</Id>
    <Hist>
      1. 2.68065259e-02 1.82595178e-02 5.43900533e-03 1.12665109e-02
      1.16161615e-01 1.01010101e-02 8.93550925e-03 2.13675220e-02</Hist></Person></Entries>
</opencv_storage>
