<?xml version="1.0"?>
<opencv_storage>
<Entries>
  <Person>
    <Id>0</Id>
    <Hist>
      5.11351347e-01 6.86486483e-01 1.43783778e-01 1.43783778e-01
      3.21081072e-01 1. 3.04864854e-01 1.63243249e-01 3.27567577e-01</Hist></Person>
  <Person>
    <Id>1</Id>
    <Hist>
      4.13229585e-01 1. 2.56809331e-02 0. 2.24902719e-01 8.56809318e-01
      1.09727629e-01 1.29961088e-01 5.95330715e-01</Hist></Person>
  <Person>
    <Id>2</Id>
    <Hist>
      7.82379508e-01 1. 1.88253019e-02 3.91566269e-02 7.93674707e-01
      3.24548185e-01 6.25000000e-02 1.98795184e-01 1.37801200e-01</Hist></Person>
  <Person>
    <Id>3</Id>
    <Hist>
      1. 3.87271084e-02 2.01140791e-02 9.60672460e-03 2.19153408e-02
      1.31792247e-01 9.60672460e-03 1.35094570e-02 1.98138691e-02</Hist></Person></Entries>
</opencv_storage>
