<?xml version="1.0"?>
<opencv_storage>
<Bins>
  2.90562592e+01 2.34423351e+01 1.49157991e+01 6.82927170e+01
  6.31225777e+01 4.64552231e+01 1.48250122e+02 1.45635513e+02
  1.25399025e+02 2.05418076e+02 2.02261948e+02 1.68036133e+02
  1.00072479e+02 9.05357971e+01 5.65171967e+01 4.81451645e+01
  4.38590698e+01 2.91133766e+01 1.04131584e+02 1.08207237e+02
  1.04509216e+02 1.26499992e+02 1.18561600e+02 7.20343857e+01
  8.18545303e+01 7.91952591e+01 7.64418488e+01</Bins>
</opencv_storage>
