<?xml version="1.0"?>
<opencv_storage>
<CameraMatrix type_id="opencv-matrix">
  <rows>3</rows>
  <cols>3</cols>
  <dt>f</dt>
  <data>
    4.91063416e+02 0. 3.34449951e+02 0. 4.93725067e+02 2.20619629e+02 0.
    0. 1.</data></CameraMatrix>
<DistortionCoeffs type_id="opencv-matrix">
  <rows>1</rows>
  <cols>5</cols>
  <dt>f</dt>
  <data>
    -3.71015400e-01 2.10919932e-01 6.63036946e-04 -8.11209902e-05
    -7.96944052e-02</data></DistortionCoeffs>
<RotationValues type_id="opencv-matrix">
  <rows>3</rows>
  <cols>1</cols>
  <dt>f</dt>
  <data>
    8.25371206e-01 1.90359974e+00 -1.63844728e+00</data></RotationValues>
<TranslationValues type_id="opencv-matrix">
  <rows>3</rows>
  <cols>1</cols>
  <dt>f</dt>
  <data>
    2.20380630e+02 7.57946289e+02 4.58958545e+03</data></TranslationValues>
</opencv_storage>
